Line	Elapsed	Date	Experiment	EGFP_untreated_1	EGFP_untreated_2	EGFP_untreated_3	EGFP_DOX_1	EGFP_DOX_2	EGFP_DOX_3	Ptf1a_untreated_1	Ptf1a_untreated_2	Ptf1a_untreated_3	Ptf1a_DOX_1	Ptf1a_DOX_2	Ptf1a_DOX_3
12738	0	180116	1	16.24219	13.26543	13.17204	16.70075	17.48349	21.68607	12.68474	14.07527	17.61597	16.28287	14.78869	14.40743
12738	2	180116	1	18.11504	14.60599	14.88011	17.89128	19.30684	22.89331	13.94106	16.35761	20.2668	18.0727	16.43387	16.34736
12738	4	180116	1	17.50939	15.87961	14.84143	18.16851	19.23524	22.14602	14.77532	16.47601	21.01381	18.4139	17.3185	15.95963
12738	6	180116	1	17.95952	16.4901	15.23769	18.95417	19.12801	22.63404	15.29408	17.9331	21.70385	19.25303	17.58009	16.45788
12738	8	180116	1	18.38606	16.94724	16.01883	19.14282	19.93037	23.87388	14.4783	18.11811	22.68286	19.46862	17.43907	16.41346
12738	10	180116	1	19.44193	17.75782	16.32432	19.89783	20.54103	25.81059	15.95376	18.88223	22.81799	20.0854	17.63504	16.9929
12738	12	180116	1	20.14533	17.12367	16.88283	20.31899	21.28198	26.55923	14.6759	18.21289	24.15387	19.88895	18.23275	17.09784
12738	14	180116	1	21.25983	17.59435	17.44441	21.94193	22.52652	27.86378	16.72931	19.66711	24.30519	20.40664	18.52902	18.31765
12738	16	180116	1	22.25114	18.1366	18.04334	22.57172	23.72708	29.24664	16.39706	19.64846	25.17679	20.00621	18.75438	18.06593
12738	18	180116	1	23.10136	19.6024	18.43625	24.82226	25.2211	31.62574	17.26917	20.38171	25.87242	20.24265	19.75542	18.57191
12738	20	180116	1	24.41567	20.68468	20.1352	26.10985	27.06313	33.18106	17.59307	20.73655	26.92054	20.78073	19.77363	19.55829
12738	22	180116	1	26.53385	21.68141	21.57319	27.94574	29.3534	36.15936	18.5087	21.65281	28.73867	22.0502	21.00543	20.54659
12738	24	180116	1	28.31592	22.63556	22.18932	29.32269	31.13242	37.95596	19.58	21.98593	30.16722	22.35562	21.46654	21.49406
12738	26	180116	1	29.93699	24.48127	23.52432	31.99985	33.0801	40.37659	20.86844	23.40861	32.13933	23.66215	22.41844	22.35102
12738	28	180116	1	32.1265	24.91157	24.79224	33.90246	35.02732	44.12905	21.49945	24.40693	32.88972	24.30853	22.33978	22.02554
12738	30	180116	1	34.07644	27.47064	26.61288	35.90747	37.72268	46.98265	22.31492	26.17229	35.53821	25.73317	23.50595	23.95217
12738	32	180116	1	35.86729	27.96464	28.10372	38.24105	40.52577	49.91605	22.75412	27.88986	37.08675	25.36609	24.22617	24.03634
12738	34	180116	1	39.16441	30.55963	30.11566	40.2413	42.45001	53.22664	24.11557	29.40795	40.26331	27.44189	26.1854	26.23075
12738	36	180116	1	40.35623	32.2002	32.08582	42.52703	45.30192	55.46169	24.63488	30.71292	42.00163	28.14364	27.10457	26.36759
12738	38	180116	1	43.36618	33.94363	34.19757	45.42295	47.81672	58.51424	26.83461	32.85953	44.45839	29.90622	28.02096	28.53965
12738	40	180116	1	46.10229	36.35072	35.99611	47.16724	50.13425	61.01481	27.92529	34.37734	47.1874	31.44164	28.92817	29.25587
12738	42	180116	1	48.59247	39.00278	38.03316	49.54547	54.36326	64.56531	29.68635	36.71294	50.55714	33.05792	31.01928	31.19943
12738	44	180116	1	50.3641	40.498	40.14912	52.72897	57.18578	67.08952	30.80628	38.35038	53.13336	34.33472	32.80094	33.18998
12738	46	180116	1	53.37126	43.25386	42.58258	55.85505	60.87653	69.77222	32.55048	40.70724	55.73286	35.64426	33.60434	34.84375
12738	48	180116	1	54.6344	45.02741	45.03337	57.86523	63.39711	72.27455	34.5173	43.25269	57.16098	37.51022	35.30563	35.3225
12738	50	180116	1	58.11811	47.46815	47.74935	61.7523	65.98412	75.06744	37.22377	45.70348	60.43982	39.96152	37.13277	38.23586
12738	52	180116	1	59.18957	49.23139	49.66985	64.96504	68.73661	77.81021	39.16454	48.72652	63.55788	41.22137	38.2611	40.62332
12738	54	180116	1	62.18925	51.07354	52.05294	67.9588	72.0944	80.11122	42.06802	51.1597	66.60947	43.02942	39.84292	42.467
12738	56	180116	1	63.78694	53.31051	54.39615	70.80894	74.94795	82.36345	43.66586	52.7442	68.99393	44.95782	41.84228	44.63801
12738	58	180116	1	66.8925	56.37889	57.33875	74.08881	78.09714	84.28007	46.3048	56.30088	72.62296	46.75668	45.57513	48.22448
12738	60	180116	1	68.67988	58.47644	59.86798	77.22392	80.45975	86.06122	48.73724	59.56173	74.71521	48.19579	46.91209	49.76877
12738	62	180116	1	71.79007	60.85086	62.67059	80.70289	83.34705	87.93338	51.53787	62.47102	78.31662	51.32349	49.7519	53.00525
12738	64	180116	1	74.22268	62.89519	65.19202	83.76772	85.60244	89.36874	54.35846	64.52502	80.92462	53.7468	51.25552	55.00657
12738	66	180116	1	76.90079	65.36857	67.6955	87.11504	88.05582	90.98076	57.34846	67.50695	83.46986	54.94012	54.2638	57.51754
12738	68	180116	1	79.18864	67.53778	70.22273	89.9034	90.19308	92.49413	60.6011	70.07928	85.89372	57.47556	56.21424	60.80503
12738	70	180116	1	80.28819	69.59896	72.80886	92.80249	91.15834	94.42259	64.97239	73.89618	88.39333	61.18953	58.74969	64.52652
12738	72	180116	1	81.52342	71.90165	74.9333	94.7324	92.50536	95.57036	68.49982	76.52354	90.51181	63.81871	60.96926	66.36542
12738	0	180120	2	9.181655	9.645849	8.487443	8.341242	9.276875	7.651136	5.418496	8.243189	8.044217	8.474316	8.203333	6.40815
12738	2	180120	2	9.343571	9.900736	8.298001	8.297554	9.503416	8.058963	6.016833	8.700712	8.536035	9.056146	8.464197	6.968321
12738	4	180120	2	10.29181	10.40375	9.31801	8.627872	9.28924	8.580557	6.715644	9.093239	8.899723	9.544102	8.463301	7.517061
12738	6	180120	2	10.67877	10.81565	9.675272	9.125291	10.04031	8.99919	7.054218	9.932204	10.11584	10.03872	9.37203	7.888312
12738	8	180120	2	11.18082	11.30222	10.03022	9.862469	10.94444	9.349616	7.18688	10.40613	10.21168	10.09957	9.775398	7.838889
12738	10	180120	2	11.88553	11.80219	10.40606	9.985254	11.3054	9.60903	7.139631	11.00533	11.11205	10.35902	9.518953	7.703359
12738	12	180120	2	11.85272	12.44491	11.25687	10.70706	11.73474	9.561232	7.573256	11.75967	11.63672	10.45642	9.085435	7.487946
12738	14	180120	2	12.81519	12.75479	11.58236	11.03255	12.28632	10.03098	7.643161	11.88947	11.65413	10.30197	9.173195	8.005188
12738	16	180120	2	13.09681	13.68983	11.77477	11.16607	12.47005	10.20688	7.668373	11.90933	12.03588	10.39114	8.904869	8.127073
12738	18	180120	2	13.57499	13.70203	12.26635	11.09416	12.59415	10.38917	8.393913	12.30538	12.11403	10.59011	9.006309	8.424237
12738	20	180120	2	13.80129	14.01767	12.51827	11.23808	12.82624	10.86725	8.609188	11.70597	12.62579	10.7913	8.720228	8.177154
12738	22	180120	2	14.71792	14.27373	12.31881	11.54875	13.08041	11.01348	8.931118	12.2974	12.64087	10.83603	9.244342	8.78409
12738	24	180120	2	15.22504	14.67948	12.53682	12.22777	13.53551	11.65806	9.575977	12.8306	13.37923	11.16535	9.156166	8.772276
12738	26	180120	2	15.85509	14.79487	13.07502	12.01394	13.99736	12.41483	9.848448	12.97448	13.65844	11.09371	9.441692	9.074171
12738	28	180120	2	16.70967	15.58331	13.22119	12.86959	15.104	12.83125	10.23168	13.81113	13.83544	11.8177	10.10631	9.810074
12738	30	180120	2	17.285	16.25041	13.75169	13.98406	15.73897	13.71511	10.22045	13.6133	14.48538	11.91517	9.901428	9.776299
12738	32	180120	2	17.99186	17.27211	14.0541	14.60643	16.304	14.72134	11.09624	14.37458	15.39415	12.17379	10.24816	10.2055
12738	34	180120	2	18.8543	18.08019	14.93963	15.38555	17.40318	15.31671	11.03731	15.20142	15.94018	12.94105	10.77559	10.63128
12738	36	180120	2	20.08747	18.98938	15.73141	16.0468	18.22909	16.28084	11.83828	15.96834	17.20034	13.08407	11.24081	11.1353
12738	38	180120	2	21.11005	20.13601	16.52668	17.22718	18.9052	16.87002	12.81723	16.92103	18.25783	14.20998	12.17054	11.71965
12738	40	180120	2	22.29306	22.15621	17.64315	17.84479	19.99643	17.85687	14.02537	18.18353	19.04381	14.63354	12.37424	12.34419
12738	42	180120	2	23.36547	22.72498	18.24739	18.92873	21.44682	18.30235	13.93713	19.08594	19.81984	15.4342	12.70795	12.3377
12738	44	180120	2	24.07888	23.46744	18.79548	19.94474	22.9601	19.48668	15	19.88909	21.25904	15.89584	12.61854	13.88511
12738	46	180120	2	25.87961	24.85049	20.01626	21.23787	23.95656	20.64823	15.92834	20.57729	22.06716	16.1708	13.23335	14.30499
12738	48	180120	2	27.38875	26.55439	20.57847	22.07252	25.13448	21.60999	17.03722	21.23141	23.97197	16.8923	13.94773	15.28393
12738	50	180120	2	29.25029	28.57678	21.86778	23.71236	27.1247	22.95814	18.58905	22.31459	25.34185	18.11995	14.93407	15.81106
12738	52	180120	2	30.57526	29.38245	22.81083	25.19427	28.97189	24.21211	19.03926	23.12322	26.32187	18.88258	15.60283	16.72961
12738	54	180120	2	31.72562	31.43532	23.75935	27.2508	30.64021	26.08559	20.32572	24.70218	27.5994	19.00364	16.29349	17.50279
12738	56	180120	2	33.94009	33.72416	25.27802	28.39729	32.54005	27.54407	21.6153	26.60521	29.67782	20.15662	16.82654	19.01966
12738	58	180120	2	35.34285	36.03765	26.32518	29.46265	33.74568	28.67605	22.82103	27.65493	31.4472	21.47673	18.2638	19.5684
12738	60	180120	2	37.65444	38.33023	27.64959	30.75428	35.96244	30.07401	24.1227	29.04105	33.0374	21.66831	18.97428	20.39928
12738	62	180120	2	39.28523	39.5661	28.85744	32.42433	38.57941	31.55407	25.26667	30.49804	34.81235	23.10036	20.68447	21.59831
12738	64	180120	2	41.43101	42.42667	32.13395	34.81018	39.73585	33.74989	27.16352	33.06935	37.29839	24.45979	21.6142	23.00877
12738	66	180120	2	43.11515	44.73958	32.48284	36.84021	41.90585	35.41262	28.57343	34.10963	38.89812	26.1184	22.46394	23.55344
12738	68	180120	2	45.64516	47.10818	33.7662	38.83533	44.1846	37.37334	30.77096	35.89698	41.74762	27.51049	24.56285	25.08564
12738	70	180120	2	46.96941	49.29477	35.87135	40.83588	46.21964	39.22712	32.45716	38.73763	44.60145	28.28242	25.90906	26.37802
12738	72	180120	2	49.54237	51.35459	37.39121	41.86256	48.25469	41.20542	33.97057	41.35334	47.11371	29.61611	27.31197	28.10281
12738	0	180319	3	12.56244	11.45536	11.27383	13.33962	13.43667	13.80581	13.77642	20.0001	16.21328	17.3854	18.79482	16.18034
12738	2	180319	3	12.98581	11.97599	11.83552	13.664	13.02781	14.11489	14.38059	20.93135	17.26855	17.78717	19.12279	16.34982
12738	4	180319	3	12.66678	12.12098	11.9621	13.50526	13.11056	14.55905	15.49172	21.39297	18.213	17.96557	18.63201	16.49718
12738	6	180319	3	13.17874	12.63621	12.50069	13.43415	13.4863	14.56482	15.74201	22.30009	18.81289	17.95251	19.20883	16.58159
12738	8	180319	3	13.75777	12.89273	12.75185	13.53655	14.10926	14.74186	16.45909	23.60041	19.46535	18.48008	19.5971	17.36485
12738	10	180319	3	14.54406	13.24374	13.47511	14.48479	14.90253	15.21095	17.50749	24.56295	19.47765	18.82018	19.54233	17.60385
12738	12	180319	3	15.34193	14.36674	14.44173	15.03716	15.99368	15.84731	18.84746	25.89145	20.30728	18.7749	19.6512	17.8309
12738	14	180319	3	16.64974	15.47403	15.19265	16.11658	17.1609	16.86069	20.00075	28.07996	21.26346	19.73608	20.58441	18.63923
12738	16	180319	3	16.92822	16.20112	15.91177	17.13058	17.79726	17.40712	21.13221	29.62474	22.41872	20.07718	21.23804	18.97249
12738	18	180319	3	18.43794	17.03066	16.88414	18.41097	18.96856	17.48414	22.19968	30.64547	23.33726	21.27662	21.86328	19.96189
12738	20	180319	3	19.18953	17.92277	17.62841	18.98561	20.31595	18.99618	23.26939	32.43181	24.34094	21.92231	23.02877	20.75409
12738	22	180319	3	20.59083	18.67539	18.23776	19.8177	21.2566	19.83397	24.8857	34.40425	25.75316	22.36791	23.72437	22.08212
12738	24	180319	3	22.11728	19.45506	19.69765	21.09558	22.97009	21.19497	26.49162	36.40092	26.94559	23.57395	24.87862	22.97485
12738	26	180319	3	23.26871	21.12963	20.38875	22.39431	24.82257	21.63831	28.03404	39.19481	28.84587	24.47532	25.87423	23.41449
12738	28	180319	3	25.22545	22.3357	21.84757	24.1134	26.39747	23.40748	29.73412	42.0954	29.92595	26.08974	26.91571	24.83258
12738	30	180319	3	27.16495	23.74142	22.84012	26.06166	28.4119	25.30946	31.41149	44.85032	31.52995	26.95556	27.99917	25.54704
12738	32	180319	3	28.66651	25.14865	24.46672	27.11106	30.29046	27.40356	33.18543	47.97553	33.26929	27.8653	29.77867	27.03735
12738	34	180319	3	29.79896	27.12588	25.51447	28.73238	32.40097	29.41495	36.61243	50.48531	36.15708	28.99731	31.33727	28.99959
12738	36	180319	3	31.91541	28.74271	27.48836	30.54676	34.53481	31.22702	38.71651	53.80877	38.34632	30.26334	32.74235	30.5347
12738	38	180319	3	34.10989	31.12386	28.39497	32.85169	36.95061	33.46883	41.30074	57.32719	40.8865	32.10654	35.15549	31.32937
12738	40	180319	3	37.77138	33.45417	30.31968	34.71823	39.5044	35.7079	44.9714	59.79077	43.62599	33.84525	37.40656	33.2086
12738	42	180319	3	40.22981	35.3984	32.33172	36.86922	42.35922	37.38678	48.12696	63.73841	46.43489	35.11123	39.01987	35.22483
12738	44	180319	3	42.42945	37.71265	33.7084	38.80988	44.75123	39.5196	50.51447	66.87421	48.92237	37.90016	40.6469	36.58242
12738	46	180319	3	45.3739	40.1332	35.53434	40.99324	47.74001	42.03143	53.70377	70.1796	52.63783	38.20283	42.90678	37.68968
12738	48	180319	3	47.6282	42.50636	37.92264	43.66217	50.35493	45.16094	56.70682	73.80369	55.47521	40.72612	45.19216	39.80943
12738	50	180319	3	49.90485	45.39509	39.7491	46.12781	52.91411	48.55722	58.60136	76.81425	59.2698	42.9904	47.57932	40.95071
12738	52	180319	3	52.72684	48.23135	42.36509	48.63761	55.56252	51.60575	62.3719	79.47484	62.35371	44.80014	49.75548	42.31236
12738	54	180319	3	55.30586	50.96598	44.0374	51.98486	58.94369	54.66219	65.49197	81.87901	65.66537	47.53806	52.51273	44.6198
12738	56	180319	3	58.13407	53.34174	46.2654	54.66085	62.29339	58.22966	69.19749	83.41417	68.90445	48.91463	54.49639	46.40675
12738	58	180319	3	60.20367	55.50637	49.62931	57.83578	64.93985	60.99422	71.64665	85.55069	72.88364	50.64333	57.47597	48.76041
12738	60	180319	3	63.13947	57.96027	52.03662	60.85527	67.31053	64.27501	75.34473	88.16869	75.60762	52.92808	60.5802	50.79642
12738	62	180319	3	65.17487	60.06048	54.78912	63.48812	69.7209	67.66151	78.40038	90.02955	78.69545	56.1328	63.27995	53.39014
12738	64	180319	3	67.62829	63.21431	57.56978	65.99457	72.98024	70.37083	82.06924	91.52715	81.12803	58.61214	66.38403	55.99377
12738	66	180319	3	68.33922	65.73251	61.31562	69.44589	75.93843	73.47343	85.12192	91.95045	84.25142	61.25904	69.20491	58.43703
12738	68	180319	3	70.41026	68.15724	63.53609	72.27084	78.54004	76.30899	87.81921	93.13776	85.91595	63.89059	71.65971	61.237
12738	70	180319	3	72.56729	70.26096	66.23798	75.21206	80.85123	80.11705	89.38562	94.10917	88.5519	66.54201	74.64008	64.8138
12738	72	180319	3	74.41438	72.402	69.0616	78.66664	83.48315	82.25925	92.23974	95.19001	90.02525	68.60867	77.12852	67.01888
12910	0	180319	1	10.09667	9.587719	8.975983	9.823339	10.44751	8.187997	5.832884	7.963742	8.742508	5.488506	9.435992	7.960358
12910	2	180319	1	10.29022	10.24626	9.391645	10.342	11.44234	9.035285	6.253385	8.623349	9.05466	5.920646	9.270386	8.117712
12910	4	180319	1	10.38202	10.35288	9.447081	10.65377	11.72196	9.159796	6.216566	8.853303	9.204901	5.781389	9.645711	8.213039
12910	6	180319	1	10.79134	10.80004	9.916453	11.19732	12.03605	9.601013	6.418476	8.965071	9.554528	5.657571	9.193089	8.529301
12910	8	180319	1	11.52617	11.42179	10.53005	11.55777	12.65777	10.1425	6.88847	9.564131	10.08617	6.144073	9.935345	9.007169
12910	10	180319	1	12.65293	12.46091	11.21204	12.44533	13.73449	10.94013	7.623957	10.26919	11.40352	6.28903	10.55872	9.538122
12910	12	180319	1	14.10011	12.91905	11.73595	12.86034	14.37496	11.65039	8.463299	10.99511	12.28783	6.182374	11.3646	9.761377
12910	14	180319	1	15.33967	14.18587	12.54231	13.91329	15.78922	12.21299	9.459824	12.43507	13.07558	6.621317	11.84164	10.14216
12910	16	180319	1	16.44441	14.75612	13.57759	14.91748	16.61783	12.97345	9.474778	13.02069	13.7261	6.97858	11.71039	10.54152
12910	18	180319	1	17.44197	15.80491	14.83235	15.7674	18.13228	14.0741	10.11816	13.67246	14.84682	7.280993	12.61809	11.31283
12910	20	180319	1	19.64239	16.53224	15.757	17.40357	19.52234	15.01699	11.09099	14.61538	16.12297	7.158109	13.60349	11.95081
12910	22	180319	1	21.12044	17.7095	17.09269	18.96009	20.98343	16.21356	12.22438	15.81454	17.31636	7.84393	14.38698	12.61463
12910	24	180319	1	22.82513	19.19094	18.22937	20.38792	22.36003	18.29947	13.63347	17.18484	19.40408	8.781153	15.63336	13.39595
12910	26	180319	1	24.58111	21.07084	20.28794	22.18808	25.58081	20.08027	14.20942	18.96544	20.7722	9.410884	16.53065	14.32451
12910	28	180319	1	27.77718	23.76547	22.59214	24.13271	27.71454	21.88757	15.17749	20.88513	23.37025	9.908544	18.72423	15.78536
12910	30	180319	1	30.44032	25.36965	25.66191	26.9028	30.85816	24.20565	17.20459	22.58195	26.19449	11.15934	20.6298	17.49668
12910	32	180319	1	33.68424	27.43932	28.09746	29.09183	34.79685	26.21021	18.91806	23.89854	29.07023	11.96597	22.48321	18.2038
12910	34	180319	1	36.28947	29.85597	30.44595	32.22197	37.51699	29.62882	20.6329	26.69411	31.75063	12.5535	24.55569	19.71716
12910	36	180319	1	39.67586	32.74952	33.24101	35.81172	42.19962	32.47013	22.44191	29.67837	34.99554	14.273	26.92701	20.82935
12910	38	180319	1	43.10675	36.08743	37.54196	39.72172	46.34956	36.44731	24.77318	32.41544	38.5155	15.63677	29.4003	22.9897
12910	40	180319	1	48.83347	39.65163	41.52147	43.75118	52.146	40.17885	27.0969	35.64061	42.67894	17.36678	32.22627	24.96428
12910	42	180319	1	52.92078	42.78868	45.66272	47.84248	56.86781	44.36718	30.17436	38.85764	46.4809	18.81037	34.69682	27.70612
12910	44	180319	1	57.48902	47.04992	49.75715	51.75528	62.00214	48.66858	33.49289	42.87326	50.39935	21.40176	38.87558	31.01758
12910	46	180319	1	62.48075	51.0173	53.91919	56.94095	67.21985	53.43589	36.61555	47.21818	54.86019	23.62786	43.12662	34.08517
12910	48	180319	1	68.1487	55.02383	57.77173	61.45083	72.05197	58.41854	40.02561	51.6176	59.34444	26.1729	46.39124	37.16438
12910	50	180319	1	73.98287	58.81419	61.95795	66.25855	77.70474	62.93176	43.85379	55.60817	64.22304	28.11809	49.82124	41.07365
12910	52	180319	1	78.42741	63.35599	65.87094	70.56297	82.33974	67.67696	47.84914	60.16757	68.69809	30.8444	53.33781	44.88284
12910	54	180319	1	83.08041	67.58611	69.61585	75.12577	86.82389	72.23607	52.06761	64.73932	73.37914	33.90623	57.20746	49.45269
12910	56	180319	1	87.24339	71.28875	73.63003	79.63953	89.825	76.77179	56.71325	69.23047	78.46782	36.75486	61.64915	53.14833
12910	58	180319	1	91.58006	74.69812	77.7104	82.76474	92.4586	81.05653	61.34401	74.52206	82.96629	39.73883	65.35709	57.22865
12910	60	180319	1	94.94633	78.17097	81.43426	84.7809	95.41946	84.94154	64.92889	78.49499	87.3051	43.07318	68.27804	60.84435
12910	62	180319	1	97.47513	81.83582	85.78453	87.19243	97.0601	88.3383	69.46359	83.30097	91.30966	47.22956	72.50287	64.67097
12910	64	180319	1	98.94742	85.33484	89.61743	89.09007	98.41573	90.91166	73.62751	88.04297	93.97095	51.06734	77.0675	69.62257
12910	66	180319	1	99.72932	88.1949	92.37859	91.42255	99.45723	92.62425	77.68731	93.32773	96.01642	54.28619	80.49997	72.66505
12910	68	180319	1	99.97237	91.31332	94.37384	93.01715	99.88571	94.30943	81.82896	96.5528	97.79626	57.4877	83.21005	76.20613
12910	70	180319	1	100	94.39085	96.61313	94.25426	100	96.2364	86.46199	98.62827	98.94027	62.20457	85.74111	80.68604
12910	72	180319	1	100	97.55563	97.99059	95.87193	99.99161	97.8966	89.41573	99.70856	99.44527	66.47853	88.64375	84.25794
12910	0	171204	2	3.37395	3.372637	3.462298	4.29128	3.261977	4.687086	3.60487	2.683431	3.360549	2.153238	2.789463	2.514333
12910	2	171204	2	3.6162	3.519389	3.529646	4.571106	3.486164	4.90654	3.726514	2.807872	3.594579	2.366787	3.013477	2.776373
12910	4	171204	2	3.839038	3.828401	3.742091	4.657002	3.703511	4.950817	3.871057	3.100547	3.756701	2.477515	3.002286	3.04083
12910	6	171204	2	3.781567	4.403322	3.968695	5.430792	3.690007	5.489197	4.220167	3.348564	4.4209	2.826833	3.34708	2.973102
12910	8	171204	2	3.997534	4.823685	4.120006	5.681849	4.218716	5.849706	4.573627	3.453422	4.66208	2.755339	3.64756	3.250855
12910	10	171204	2	4.165423	5.004733	4.327476	5.954458	4.322502	5.978877	4.849588	3.65464	4.580915	2.851769	3.840593	3.105589
12910	12	171204	2	4.349615	5.049459	4.426289	6.329679	4.380216	6.438407	4.850381	3.704996	4.987082	2.522346	3.685276	3.477633
12910	14	171204	2	4.643429	5.337057	4.906955	6.206481	4.28268	6.333856	5.14568	3.928872	5.024245	2.82856	3.699229	3.649943
12910	16	171204	2	4.805171	5.527224	5.310048	6.826164	4.836014	6.950846	5.990101	4.126154	5.757383	2.79789	4.056421	3.760533
12910	18	171204	2	4.947709	5.88452	5.733206	7.269872	5.035677	7.10005	5.975112	4.524171	6.362768	2.743597	4.517297	4.280296
12910	20	171204	2	5.365481	6.361111	5.853364	7.533224	5.40071	7.648271	6.532866	4.640322	6.499882	2.873598	4.470877	4.224034
12910	22	171204	2	5.562004	6.910161	6.121139	7.529634	5.876507	7.994965	6.861425	5.065899	7.018161	3.058204	4.334418	4.000988
12910	24	171204	2	5.697323	7.556088	6.827129	8.359684	6.059903	8.755596	7.472299	5.495034	7.592422	3.159365	4.487939	4.156651
12910	26	171204	2	6.369225	7.907964	7.323509	9.371894	7.020855	9.646606	8.364418	6.214529	8.190312	3.387973	4.685116	4.487421
12910	28	171204	2	6.698649	8.92566	8.213003	10.6184	7.597121	10.88176	9.516327	6.897449	9.515153	3.661272	4.80676	5.105514
12910	30	171204	2	7.214718	9.757892	8.840971	11.28261	8.068738	11.56547	9.793496	7.293737	9.955201	4.10032	5.356915	5.721086
12910	32	171204	2	8.090982	10.56103	9.484861	12.6884	9.255325	12.93238	10.74992	8.053887	11.12356	3.79041	5.297993	6.147906
12910	34	171204	2	9.16342	11.77563	10.756	14.55567	9.791183	14.34498	12.24183	8.863562	12.32019	4.14332	5.903204	6.333201
12910	36	171204	2	10.00656	12.71669	12.3146	16.18113	10.91774	15.77661	13.56888	9.866821	13.60849	4.71437	6.173187	7.07304
12910	38	171204	2	10.82757	14.56851	13.34362	17.82669	12.15907	17.3403	15.41435	10.67674	15.06697	5.055846	6.821536	8.208652
12910	40	171204	2	11.96058	16.15163	14.68062	19.14483	13.39916	18.91709	16.7757	12.20049	16.35295	5.321203	7.311043	8.686001
12910	42	171204	2	13.39143	17.95858	16.15664	21.2415	15.22684	21.43995	18.61322	13.70889	18.09374	5.568186	7.844553	9.484657
12910	44	171204	2	15.13545	19.79332	17.76912	24.14621	17.14743	23.70012	21.32626	15.30227	20.55872	5.915811	8.483162	9.823891
12910	46	171204	2	16.49836	21.773	19.66211	26.83815	18.70886	26.37928	23.30021	17.03522	22.83366	6.536561	8.760949	10.5974
12910	48	171204	2	18.50232	23.30076	21.39926	29.35127	21.23452	29.87769	24.85494	18.71405	24.9971	7.157933	9.500892	11.93841
12910	50	171204	2	21.6227	26.39247	24.109	32.33183	24.04588	33.09624	27.1771	21.29086	27.89117	7.32023	10.3411	12.85336
12910	52	171204	2	24.32536	29.12418	26.09612	35.55313	26.88882	36.72683	29.50614	23.6809	30.24608	7.834636	11.03928	14.49892
12910	54	171204	2	28.13761	31.62426	28.87482	39.56849	29.875	40.57355	33.07115	25.85548	33.13067	8.545046	11.81504	15.78208
12910	56	171204	2	30.56258	35.42031	32.11681	44.46455	33.06175	45.4818	35.88687	28.75349	36.27174	9.803752	13.22095	17.10046
12910	58	171204	2	33.63744	39.03915	35.50769	48.93314	36.53854	50.51347	39.84182	32.26535	40.69789	10.35435	14.52431	18.27261
12910	60	171204	2	38.01872	44.35559	39.72622	52.88759	40.02477	55.77113	43.1464	35.97068	44.14861	10.98022	16.20993	20.06241
12910	62	171204	2	42.15514	49.10023	44.16796	57.27749	43.854	61.93199	47.49976	38.81762	48.50346	11.90225	17.27222	21.84778
12910	64	171204	2	46.12111	54.09435	48.64339	63.11877	47.30002	68.13657	52.38268	41.76474	53.64353	13.37747	18.87395	22.39915
12910	66	171204	2	50.95733	58.16087	53.05802	68.34628	51.48961	74.03108	56.11557	45.7823	57.18998	13.57959	20.18509	25.24266
12910	68	171204	2	55.49583	63.34706	57.75784	73.01056	55.02621	80.20917	60.26401	50.13595	61.51041	14.50759	22.31687	27.72922
12910	70	171204	2	60.31139	68.61017	62.42846	77.90291	59.40559	85.62178	65.34966	54.05861	65.31094	16.1983	23.88735	28.77376
12910	72	171204	2	65.353	73.05528	66.71101	82.07996	63.57531	89.93849	70.17348	58.27535	68.8951	17.75402	25.28604	31.63044
12910	0	171207	3	5.715385	5.011917	6.861497	8.159571	8.340276	8.831303	6.607262	4.3215	4.886267	5.510887	6.598834	7.172442
12910	2	171207	3	6.363909	5.729236	7.909792	9.056423	9.044401	9.622086	7.690648	5.188404	5.478523	6.442999	7.534848	7.908377
12910	4	171207	3	6.925807	6.288269	8.179881	9.631721	9.633621	10.17635	8.191898	5.886524	5.799694	6.635582	7.693931	7.925577
12910	6	171207	3	6.905705	6.651227	8.958093	10.35888	10.32327	10.44143	8.576861	6.196258	5.918988	6.049161	7.951344	8.272617
12910	8	171207	3	7.368308	6.903599	9.343295	11.49222	10.70703	11.64374	9.361255	6.033586	6.637966	6.659344	8.371913	8.609086
12910	10	171207	3	8.087873	7.215752	9.793739	12.04355	11.34391	12.38982	10.13173	6.366497	6.878833	7.222904	8.574754	8.965897
12910	12	171207	3	7.976521	7.691167	10.99791	12.84832	12.03467	12.99503	9.878565	6.52627	7.116904	7.13376	8.743127	9.123117
12910	14	171207	3	8.352158	8.252758	11.04118	13.86912	12.28662	13.88352	10.49738	6.779124	7.241931	7.154413	9.083328	9.115034
12910	16	171207	3	8.736566	8.556725	12.157	15.00784	13.42865	15.24111	10.86666	6.904222	7.615774	7.264415	9.392822	9.53229
12910	18	171207	3	9.729224	8.768719	12.69358	15.85823	14.33169	16.71726	12.28324	7.153446	8.230618	7.434757	9.278637	9.510667
12910	20	171207	3	10.2887	9.470119	14.02029	17.49002	16.14607	18.15711	13.28653	7.420667	8.854996	7.892455	9.888614	10.37629
12910	22	171207	3	11.15968	10.57119	15.81585	19.19941	17.69376	18.95246	14.56078	8.395604	9.013077	8.008884	10.2733	10.75573
12910	24	171207	3	11.9076	11.21885	16.75667	20.81108	19.22324	21.51325	15.66607	8.620032	9.737613	8.793173	10.96921	11.28277
12910	26	171207	3	12.87798	11.70141	18.09456	22.59248	20.49492	23.80502	17.37117	9.05117	10.8342	8.81448	11.24699	11.65361
12910	28	171207	3	14.0425	12.60503	19.21694	25.38501	22.84099	26.26326	18.6612	9.628303	11.96866	9.440966	11.78475	12.33031
12910	30	171207	3	15.56286	14.01728	21.10483	28.47517	24.60598	28.81524	20.9834	10.63601	13.05737	9.693129	12.54341	13.01693
12910	32	171207	3	17.06633	15.03468	23.65305	31.78727	27.2544	31.80765	22.60703	10.90573	13.99522	10.4999	13.78391	14.02723
12910	34	171207	3	18.18388	16.76775	25.66933	34.66059	29.38747	35.51158	24.53857	12.57408	15.14347	11.19864	14.56927	15.4426
12910	36	171207	3	20.18649	18.30822	26.98554	37.76238	31.62584	39.78988	27.77644	13.01928	17.23692	12.66499	15.70022	16.03469
12910	38	171207	3	22.693	20.33238	30.37204	42.34105	35.5436	44.03051	29.9342	14.50655	18.69684	13.90154	17.64215	17.37738
12910	40	171207	3	25.38288	22.18884	33.12192	46.42045	39.90533	48.42463	33.40813	15.72902	20.5048	15.73993	19.16335	18.40627
12910	42	171207	3	27.55176	24.77028	36.23051	51.25014	43.72051	53.2852	35.76788	17.37251	22.85691	17.47872	21.04532	19.45457
12910	44	171207	3	30.54148	26.79418	39.7021	55.50267	47.70858	58.51844	39.18391	18.95726	25.11721	18.55302	23.56093	20.5985
12910	46	171207	3	34.32571	30.01363	42.61311	60.72796	52.42454	63.60267	43.43487	21.40752	27.64716	20.91373	26.07033	23.10092
12910	48	171207	3	37.98912	33.25081	46.91908	66.00412	57.45765	70.51441	47.47163	24.34547	30.92575	22.54842	27.30184	25.50825
12910	50	171207	3	40.82576	36.38037	51.14889	71.08872	62.39334	76.68077	50.99886	26.23707	33.63493	24.66442	29.60605	27.34649
12910	52	171207	3	44.3102	40.54629	54.66616	77.297	68.06502	82.41805	55.32156	28.78429	37.1491	26.61923	31.54813	28.54313
12910	54	171207	3	49.78201	44.53255	58.75295	82.92921	72.94027	87.46833	59.80804	32.68871	41.25279	29.02136	34.27099	30.6398
12910	56	171207	3	55.25244	48.98301	63.07268	88.13782	78.68895	91.72198	64.11805	36.1623	45.82891	31.9362	38.03373	34.41825
12910	58	171207	3	60.12942	54.38617	68.22947	92.36976	84.33627	95.48239	69.57419	40.92168	50.04272	34.9655	40.69723	37.89159
12910	60	171207	3	65.34975	60.32801	73.56746	95.9673	89.45644	97.85165	73.65659	44.10922	54.49993	38.30476	44.23259	40.21896
12910	62	171207	3	70.13273	65.85316	78.63896	98.29686	93.34193	99.43513	78.04242	48.14057	60.43518	40.69476	47.2337	43.31332
12910	64	171207	3	74.49165	73.44889	84.1282	99.20493	96.15382	99.93444	82.10617	53.02676	67.95032	43.99913	51.14645	48.54611
12910	66	171207	3	79.24369	79.57042	88.44897	99.77698	98.24029	100	86.49794	56.96444	73.93902	47.69383	53.81688	51.43784
12910	68	171207	3	84.09728	84.32227	91.72336	99.97281	99.22289	99.98418	89.81114	61.50253	79.65785	51.35736	55.98742	55.02778
12910	70	171207	3	88.51022	88.64071	94.16206	99.97133	99.89137	99.97388	92.30735	66.82245	84.79723	54.72194	59.26904	60.39238
12962	0	180120	1	7.326066	7.542341	6.507239	6.014039	4.737233	7.207291	9.83646	8.766853	9.382322	6.834829	6.63648	7.174583
12962	2	180120	1	8.476666	8.584495	6.885567	6.166521	5.733483	7.788256	10.97438	9.740997	9.945292	7.473993	6.979374	7.896807
12962	4	180120	1	8.861972	9.385983	7.776304	7.468191	6.261155	8.848569	11.88964	10.53023	10.62586	8.349531	7.343305	8.373986
12962	6	180120	1	9.793773	9.66695	8.221086	8.47632	6.580012	9.299774	12.31598	10.91802	11.60643	9.006274	7.772818	8.732315
12962	8	180120	1	9.719931	10.12544	8.54595	8.4375	6.828273	9.650407	13.14479	10.81061	12.54514	9.528246	7.89418	8.943377
12962	10	180120	1	10.19949	10.35024	9.18594	8.803258	6.806441	10.14164	13.8399	11.92411	12.64513	9.591002	7.936353	8.774902
12962	12	180120	1	10.38327	11.46776	9.807001	8.64017	7.567659	10.93222	14.19575	12.43945	12.7216	10.05699	7.772781	9.371511
12962	14	180120	1	10.39574	11.80278	10.28197	9.274324	7.414035	10.92793	15.31347	12.39732	13.13612	10.00764	8.163443	9.704425
12962	16	180120	1	12.01402	12.21917	10.56487	9.311312	7.796268	11.52702	16.57849	13.02412	14.23868	10.95156	7.999248	9.803959
12962	18	180120	1	12.38689	12.50431	10.61585	9.773774	8.547504	12.13593	17.51916	13.83703	15.3824	11.04664	8.345387	9.892206
12962	20	180120	1	13.20364	12.48643	10.98181	10.12782	8.40082	12.93321	18.32749	14.5584	16.1175	11.76772	8.287018	10.10576
12962	22	180120	1	13.9707	13.01893	11.46838	10.37049	9.036322	13.89952	19.36249	15.19852	16.55345	12.502	8.804018	10.69912
12962	24	180120	1	14.85024	13.26384	11.9363	10.57519	9.300327	14.92647	20.89639	16.12904	18.00332	13.92749	9.220581	10.8553
12962	26	180120	1	15.24998	13.84584	12.75278	11.25359	9.993679	15.10368	22.44036	17.37103	18.40548	13.77438	9.897526	12.08993
12962	28	180120	1	16.61683	15.29188	13.31064	11.46932	10.50163	15.79884	23.26857	19.45312	19.79273	14.94367	10.96637	12.61605
12962	30	180120	1	17.69711	15.888	14.21861	11.98359	11.60709	16.62059	25.41006	19.77173	20.94528	15.9607	11.37534	13.17508
12962	32	180120	1	18.57468	17.14249	15.62865	13.84118	12.00241	17.17445	27.01677	21.1364	21.88018	15.98419	12.11276	14.30171
12962	34	180120	1	20.07671	17.87263	16.28896	14.08429	12.75714	19.01349	27.49899	23.82456	23.9347	16.99761	13.09529	14.07776
12962	36	180120	1	20.9786	19.1905	16.90059	15.60192	13.98012	19.32074	29.35544	25.33615	25.85426	18.29157	13.79597	14.34115
12962	38	180120	1	21.54916	20.11197	17.6864	15.74864	15.08673	21.00043	32.05566	26.7034	27.61638	19.74262	14.00451	15.82228
12962	40	180120	1	23.52516	22.37311	19.97136	17.76245	15.35193	22.38287	34.12352	28.99211	28.43823	21.34867	15.04317	16.46907
12962	42	180120	1	25.56389	23.48727	21.40203	18.37287	17.06966	23.07347	37.57204	31.08649	30.9882	23.97331	15.82483	18.28774
12962	44	180120	1	27.43072	24.54338	23.03658	18.63387	18.77504	23.45687	39.61162	31.90293	32.91573	24.82377	15.94972	19.49685
12962	46	180120	1	29.32218	25.83156	24.17979	21.0123	20.4321	25.91846	41.22944	35.08859	34.88843	25.92558	17.19547	20.72108
12962	48	180120	1	30.96164	27.30972	25.01627	21.62211	22.04012	27.3193	43.01752	37.40437	38.38168	27.37251	17.49979	22.35332
12962	50	180120	1	33.72426	28.39602	27.13427	24.11879	23.515	29.31304	47.60196	39.58823	40.26849	29.11372	18.72689	23.84715
12962	52	180120	1	34.69838	29.40218	29.64063	24.83311	25.82323	31.73481	50.13248	42.69468	44.65449	29.32559	19.49439	24.71053
12962	54	180120	1	36.52599	31.54364	31.71367	26.17833	27.33836	33.71629	52.45787	44.44786	46.66031	32.95423	21.11823	26.12241
12962	56	180120	1	39.30077	32.75989	34.55079	29.32799	29.29231	36.15892	56.07915	47.77893	50.26302	34.26851	21.95229	28.18122
12962	58	180120	1	43.14114	34.80154	36.4958	31.15005	31.45675	38.3671	59.46362	50.17358	52.86453	35.50972	24.19211	30.40591
12962	60	180120	1	44.33784	37.24783	39.04633	32.56939	34.0055	41.0792	62.42641	53.86633	56.38199	37.37991	24.87603	31.8271
12962	62	180120	1	48.78518	39.37268	41.76637	34.40612	36.36072	43.25087	65.6208	58.05646	60.87832	39.25887	26.22439	33.45103
12962	64	180120	1	50.64197	41.65792	44.16457	36.55117	40.45818	47.51459	68.14103	60.53216	64.58358	41.31324	26.92189	34.56063
12962	66	180120	1	53.60605	43.44277	45.53388	38.10443	43.34573	48.88654	69.99628	63.83615	68.2942	42.60031	28.53473	36.01199
12962	68	180120	1	56.68744	46.52773	47.96481	40.96844	46.71087	51.46556	74.07051	67.36427	71.92413	45.07533	30.06651	37.936
12962	70	180120	1	60.69477	48.55309	51.95737	42.88869	50.26561	54.66595	76.59235	69.30156	74.35539	46.99932	31.67114	39.92937
12962	72	180120	1	63.78092	50.24678	54.60034	46.77036	53.13707	57.2994	78.90095	71.88291	76.61446	49.95222	34.3209	41.24698
12962	0	180310	2	12.9005	13.70424	13.44776	12.07929	15.30493	8.479396	8.308742	8.099407	8.443096	10.88449	8.881105	11.79128
12962	2	180310	2	14.83491	15.76381	15.44516	13.70351	17.58285	9.387605	9.777887	9.334038	10.29685	11.30854	9.874176	13.32857
12962	4	180310	2	14.59518	16.72379	16.39965	14.3386	18.89536	9.750183	10.62217	9.688259	10.74571	12.10177	10.21441	14.03739
12962	6	180310	2	16.62121	17.60264	18.56341	15.4844	19.69761	10.73472	11.10111	10.55068	10.69818	12.60582	10.8046	14.46262
12962	8	180310	2	17.62555	19.46089	18.57648	16.01534	19.87922	10.99297	12.53637	11.06215	11.40532	12.82693	11.17888	14.44766
12962	10	180310	2	18.80025	20.60897	20.26114	16.48655	21.63119	12.3175	13.19135	11.94895	12.59567	12.4034	11.81262	14.7717
12962	12	180310	2	20.85025	22.12359	22.13472	18.90566	23.2456	12.90665	14.2593	12.73009	13.64435	12.91024	11.86595	14.47941
12962	14	180310	2	22.77954	24.15426	23.71839	19.89576	25.01222	13.7254	14.98574	13.98337	14.59546	12.89708	12.71327	15.4205
12962	16	180310	2	24.92995	25.79181	25.80915	21.92076	27.79187	14.85259	16.57279	14.71067	15.29246	13.90248	12.77057	15.35605
12962	18	180310	2	25.75496	27.914	26.83942	23.74467	28.0698	16.0506	16.80561	15.99573	16.20859	15.02348	14.00624	16.33523
12962	20	180310	2	26.63617	29.72308	29.92677	24.85196	30.65818	17.30096	18.29306	16.68984	17.55819	15.74578	15.0098	17.59151
12962	22	180310	2	29.25398	32.75154	31.1631	26.87296	33.35943	18.65675	20.02197	18.34953	18.40669	16.38525	15.61512	18.40952
12962	24	180310	2	30.9224	35.11308	34.36394	28.47455	35.42039	19.55218	20.15052	19.39979	19.92685	17.66415	15.62075	19.58101
12962	26	180310	2	34.84489	36.83375	37.26117	31.14034	38.44129	21.87479	21.9258	21.26837	21.76676	18.8017	16.6974	20.6661
12962	28	180310	2	38.32297	40.50816	39.75732	34.14049	42.09038	22.9179	23.67795	23.06789	23.49731	19.98973	17.63266	22.48987
12962	30	180310	2	41.44358	44.08875	43.15401	37.54113	45.77993	25.67515	25.1813	25.39625	26.40718	22.19437	18.41791	23.12713
12962	32	180310	2	43.05104	48.03654	47.50583	40.1016	49.05516	26.87852	27.97216	26.65302	27.70194	23.64293	20.13469	24.94449
12962	34	180310	2	46.83228	50.65758	49.46893	43.99782	51.87832	30.43686	30.58724	28.89161	30.37715	24.31517	21.49169	27.09918
12962	36	180310	2	51.57719	54.46758	54.4045	46.56638	56.89145	32.85871	33.53614	30.69914	33.64981	25.40223	22.36367	28.33422
12962	38	180310	2	54.58344	58.02176	57.57944	49.47281	59.23225	34.91402	35.97548	32.94181	34.97053	26.00339	23.55268	29.77645
12962	40	180310	2	60.78617	62.12777	62.58453	52.39617	63.64965	37.1239	38.12986	36.06983	37.3662	28.05045	25.41189	31.48468
12962	42	180310	2	63.43737	66.59177	65.33908	56.42976	66.29836	39.67309	41.26247	40.28391	41.4292	30.33073	26.50589	32.15343
12962	44	180310	2	67.78603	70.63017	68.91133	60.51988	72.19398	42.96487	44.97433	43.10019	45.70828	32.51944	27.98505	34.61112
12962	46	180310	2	71.48898	73.06337	73.00922	64.04381	76.30307	47.16417	48.66704	44.89907	48.5949	33.28611	29.26789	36.08627
12962	48	180310	2	75.39693	77.31404	76.87025	68.25009	80.14854	49.75426	50.84841	49.90995	52.28969	35.34829	31.20475	37.72643
12962	50	180310	2	78.112	81.22791	81.52304	72.59016	84.32513	54.09894	53.93539	54.97831	56.40536	35.73031	32.87008	39.2562
12962	52	180310	2	81.95821	84.02511	84.3969	76.18123	87.36839	57.81192	57.84175	59.19079	58.4678	37.60854	35.01788	40.80815
12962	54	180310	2	84.3279	86.74805	86.91261	79.22311	90.22091	61.11689	60.82526	62.61039	63.4273	39.68017	36.31587	42.06599
12962	56	180310	2	87.63312	90.21783	89.04356	82.06583	92.84848	65.94895	65.57418	66.44537	67.6681	40.98528	38.11919	44.37176
12962	58	180310	2	91.13394	92.67632	91.78931	86.05122	95.48978	69.80798	69.33691	71.47842	73.65247	42.85003	40.74744	47.11733
12962	60	180310	2	93.3511	94.22802	94.22253	88.61358	96.87361	72.95151	72.80449	75.58343	76.99716	45.59897	42.0996	47.75976
12962	62	180310	2	95.13107	96.23286	95.85799	91.23994	97.55411	76.63052	76.3997	80.25469	81.11763	46.97523	44.13477	50.84866
12962	64	180310	2	96.91302	97.74646	97.11274	93.02533	98.62659	80.77847	79.71915	83.39127	85.2346	48.57915	46.49857	53.46689
12962	66	180310	2	97.09673	98.52014	98.67605	94.96774	99.22334	84.93727	82.85357	86.60123	88.72247	51.58123	48.42896	56.00294
12962	68	180310	2	97.67244	99.12307	99.13467	96.2186	99.68621	89.04713	85.5079	90.58366	91.44804	54.66285	50.49553	57.24107
12962	70	180310	2	98.33609	99.31994	99.34885	97.48521	99.79214	91.26042	88.32763	93.03976	94.27184	57.09144	53.13412	58.54747
12962	72	180310	2	98.84814	99.508	99.43053	98.12296	99.86066	93.72993	90.64197	95.27661	96.19353	58.55754	54.78942	61.66974
12962	0	180319	3	13.3497	16.72806	14.02257	17.23229	15.43176	14.34046	14.32499	12.37252	12.88765	13.02474	13.32891	13.7538
12962	2	180319	3	13.81455	18.51154	15.30551	17.90022	16.43986	15.64358	15.08053	12.41286	13.16896	13.77414	13.88832	13.904
12962	4	180319	3	14.75381	19.52641	16.5054	19.00188	17.61362	16.50986	15.32866	13.56701	13.48178	14.45768	14.54375	14.31531
12962	6	180319	3	15.56953	20.46308	17.29778	20.286	19.58091	18.127	16.01434	14.42087	14.04989	15.04618	14.72048	14.70466
12962	8	180319	3	16.55441	20.95967	18.42551	21.34128	20.15783	18.65461	17.47661	15.00031	15.0755	15.44091	14.86012	15.06455
12962	10	180319	3	17.98443	22.2634	19.44946	22.58976	21.18241	19.75001	18.95035	15.85347	15.45055	16.03652	15.12389	16.0763
12962	12	180319	3	18.92175	23.93528	20.98899	23.49859	22.58257	20.77607	19.82454	16.83552	16.63699	15.81537	15.63128	16.47021
12962	14	180319	3	20.71821	25.54912	21.94552	24.95448	23.19831	22.50154	21.57185	17.79015	17.82872	16.63682	17.01363	17.55028
12962	16	180319	3	21.51373	28.41681	23.50031	25.87688	24.37358	23.75911	22.57629	18.66527	18.74192	17.10326	17.14705	17.95151
12962	18	180319	3	22.55435	29.53117	24.48221	27.14454	26.41375	25.25254	23.7855	19.70283	18.91802	18.01565	17.93103	18.79834
12962	20	180319	3	24.02789	31.1023	26.41285	29.77036	27.83277	26.5436	25.33173	21.03894	19.39475	19.03103	18.87071	19.35744
12962	22	180319	3	26.22714	32.68069	28.22419	32.40639	29.5894	28.16478	26.6446	22.27868	20.64258	19.84426	19.25681	20.72408
12962	24	180319	3	28.02553	35.0669	30.27751	33.32124	31.38649	30.88614	27.57813	24.07759	22.53716	20.64814	20.02697	21.90341
12962	26	180319	3	30.00559	37.42646	32.12133	35.58213	34.47443	33.14638	29.64429	24.95841	24.78368	21.58798	21.13412	22.90267
12962	28	180319	3	32.29826	39.05539	35.0832	39.00222	37.08944	35.43855	31.89638	26.83929	27.36388	22.90349	22.2238	23.98073
12962	30	180319	3	34.63631	42.40385	37.33288	41.11088	40.08533	37.98408	34.33904	29.13382	28.617	24.69643	23.66903	24.93301
12962	32	180319	3	37.89061	45.65456	40.34697	44.81798	42.47087	40.77509	37.03094	30.7505	30.09173	26.10549	24.6953	26.63682
12962	34	180319	3	41.35344	48.54597	43.46935	47.1052	45.00712	43.03955	39.33352	32.81263	32.65643	27.43229	25.34337	27.92638
12962	36	180319	3	43.90708	51.48583	46.00333	50.33837	47.65034	45.98981	42.63908	34.53573	35.4198	29.68545	27.04585	29.67237
12962	38	180319	3	47.19228	54.97318	48.97028	53.33547	50.5388	49.44999	45.20561	36.91226	38.3381	31.60055	27.39065	30.91887
12962	40	180319	3	50.47489	59.19129	53.01828	57.57181	55.81762	53.39471	49.18829	39.88115	41.31026	33.22675	30.09525	32.6581
12962	42	180319	3	55.69666	63.68665	57.25763	61.71277	58.91023	56.59507	53.28083	43.14908	43.4638	35.57169	31.38458	34.79613
12962	44	180319	3	58.95924	67.88553	61.85493	65.63639	62.76185	60.44904	56.50137	45.86673	46.82233	36.72771	33.40163	36.51276
12962	46	180319	3	61.69583	71.07542	64.88819	68.58916	66.36829	63.32495	60.47374	50.22964	49.55237	38.07063	35.13002	37.3978
12962	48	180319	3	65.95234	74.44696	67.89485	72.59164	70.70818	67.12016	64.73571	53.30119	53.39145	40.72761	37.76423	39.59515
12962	50	180319	3	71.28632	77.46179	71.54691	75.9724	74.25481	70.25208	69.54439	56.20947	57.32203	43.88035	39.67321	41.14092
12962	52	180319	3	74.10944	80.09412	74.24088	78.37213	77.35352	74.42893	72.90797	59.83186	59.75667	44.99876	41.49237	43.43497
12962	54	180319	3	76.94412	82.32426	77.73946	82.6347	80.75188	78.36056	77.0437	63.66803	63.49316	48.90583	44.00797	45.63215
12962	56	180319	3	80.48889	85.36229	80.98837	85.98975	83.82547	81.89194	79.77192	66.66885	68.18002	51.18216	46.37635	47.29962
12962	58	180319	3	84.69987	87.28914	84.35955	89.57501	88.08626	84.56906	83.08406	69.52957	71.17978	53.14452	49.01093	49.50051
12962	60	180319	3	87.1107	89.22401	86.83839	91.7527	90.76262	86.64152	86.34514	73.08105	74.79964	55.19732	52.22797	51.14694
12962	62	180319	3	90.84932	91.54622	89.24587	92.4491	94.05206	88.97102	88.24286	76.47851	79.05425	57.4577	54.37165	54.51405
12962	64	180319	3	92.07285	92.92832	91.17975	94.90916	95.9185	91.15479	90.56026	79.14227	82.20929	61.29936	56.78511	56.69997
12962	66	180319	3	94.3829	94.84837	92.86111	96.85234	97.82271	92.84024	92.80249	81.58986	85.16144	63.66592	60.3913	59.14441
12962	68	180319	3	95.6422	96.16068	94.46548	97.82523	98.58459	94.23827	94.50421	83.94166	88.02731	65.53288	62.59093	61.16315
12962	70	180319	3	96.62962	97.15224	95.505	98.72405	99.17049	95.51958	95.18027	85.92444	90.90315	67.98656	65.22115	63.60104
12962	72	180319	3	97.77968	97.98341	96.73833	99.28512	99.59846	96.04781	96.88881	87.74167	93.09183	70.37581	67.07178	66.76962
12965	0	171204	1	4.671682	3.269058	5.155144	6.252174	4.867374	4.301158	4.28793	3.62518	3.659787	3.587948	4.384912	3.45874
12965	2	171204	1	5.076985	3.779738	5.744501	6.013622	5.095049	4.746076	4.439103	3.769618	3.876513	3.881589	4.674341	4.025578
12965	4	171204	1	5.39919	4.119487	6.212458	6.853692	5.506018	5.051633	5.062618	4.041467	4.260783	3.927042	4.899426	4.252942
12965	6	171204	1	5.858338	4.21267	6.598039	7.59567	6.14345	5.409656	5.337438	4.367644	4.562783	4.163041	5.10123	4.873383
12965	8	171204	1	6.477675	4.901012	7.38181	7.777652	6.74676	5.769991	5.860065	4.810248	4.852281	4.081979	5.529778	4.801095
12965	10	171204	1	6.996782	5.374841	7.660015	8.431181	7.07387	6.377825	6.347294	5.143781	4.99589	4.447357	5.667723	4.887993
12965	12	171204	1	7.408472	5.593364	8.339101	9.208769	7.405089	7.003481	6.611993	5.501527	5.460807	4.593246	6.07396	5.13463
12965	14	171204	1	8.254447	5.956048	9.034523	9.974476	7.660741	7.417281	7.113451	5.851811	5.725471	4.978275	6.309163	5.533128
12965	16	171204	1	9.184833	6.270101	9.784622	10.96945	8.725685	7.779481	7.73137	6.40739	6.011997	5.156561	7.21019	5.820243
12965	18	171204	1	9.633035	6.687285	11.38767	11.65375	9.515637	8.802706	8.91637	7.140666	6.704728	5.75842	7.63	6.308368
12965	20	171204	1	10.5409	7.733959	11.84471	12.71959	10.05333	9.294388	9.505621	7.651932	6.742789	6.110813	8.215385	6.224614
12965	22	171204	1	11.14853	8.044905	12.37529	13.76374	10.73166	9.84717	10.40112	8.388663	7.190021	6.490938	8.528819	6.888885
12965	24	171204	1	12.08095	8.835411	14.17737	14.45398	11.64121	10.48981	11.32194	9.205418	7.644956	7.343266	9.308239	7.464217
12965	26	171204	1	12.85236	9.734612	15.88524	15.97573	12.9022	11.23594	12.76398	9.983074	8.347633	7.721111	9.991398	7.740384
12965	28	171204	1	14.56088	10.64013	17.50594	18.29935	14.73119	12.71389	14.28973	11.08435	9.205936	8.559418	10.91184	8.415085
12965	30	171204	1	15.83862	11.74528	18.61516	20.54311	15.67553	13.3899	15.91615	11.30457	9.79512	8.877756	11.58975	8.730522
12965	32	171204	1	18.31828	12.50549	20.75821	22.60779	16.73446	13.87022	16.86895	12.79727	10.45258	8.966762	12.22491	9.71216
12965	34	171204	1	19.12899	13.87651	22.94181	24.99554	18.57651	15.18329	18.73667	13.91982	11.32619	10.02746	13.56263	10.23068
12965	36	171204	1	20.71594	15.71069	25.32071	26.18289	19.90312	16.27445	20.96516	15.6087	12.24891	10.72996	14.89469	11.01804
12965	38	171204	1	23.1941	16.60816	27.43279	29.12248	22.04893	17.58258	22.66185	17.27505	13.70068	11.08204	16.53286	11.67692
12965	40	171204	1	25.25751	18.24992	29.79667	30.67455	24.49247	19.5115	25.33036	17.9474	14.56237	12.3585	17.56472	12.26559
12965	42	171204	1	27.54023	19.5366	33.04258	35.14695	26.37938	20.30956	26.30388	20.37069	15.65536	12.6213	19.05625	12.92872
12965	44	171204	1	29.52723	21.70582	35.32249	36.77702	29.2563	22.19157	29.46755	22.06354	17.5489	14.48663	20.66282	14.47388
12965	46	171204	1	32.29806	24.55971	38.80029	40.12087	32.5793	24.40584	32.37453	24.47132	18.42479	15.29823	22.16975	15.90652
12965	48	171204	1	35.40599	26.98069	42.51746	45.83645	35.16544	27.52998	35.27927	26.55773	19.58924	16.56429	24.67441	15.67138
12965	50	171204	1	38.97972	29.983	45.62896	49.45682	38.40631	28.72534	38.88601	29.28534	21.11067	17.85791	26.84484	17.28248
12965	52	171204	1	41.3288	32.83056	48.80174	52.98667	42.87176	31.22295	41.20853	31.09204	22.99973	18.94534	29.18155	18.3373
12965	54	171204	1	46.91679	35.24464	53.80904	57.76423	47.30129	33.51767	46.52483	33.25117	24.63445	21.44251	32.01601	20.52636
12965	56	171204	1	49.14777	38.70271	57.4826	61.90828	51.93444	36.40862	49.43582	36.79273	26.67928	23.34728	33.53244	21.28796
12965	58	171204	1	54.43936	41.47591	61.61311	66.2357	57.30477	39.51691	53.42889	39.97568	29.16465	24.61798	36.73187	23.85472
12965	60	171204	1	59.68365	45.58206	66.40976	71.66154	61.55364	43.21395	55.51027	44.69112	31.9455	26.60373	40.5097	26.37291
12965	62	171204	1	63.815	48.74546	71.48447	74.9057	67.17207	47.75305	60.00072	47.55576	33.73107	28.95577	43.75957	28.44727
12965	64	171204	1	68.91842	51.90854	76.32402	78.59654	73.25595	52.74737	65.25652	52.33215	37.17489	30.67369	46.46722	31.00864
12965	66	171204	1	74.04221	54.92312	80.41055	80.99339	76.43268	55.53606	68.80687	55.15987	39.95324	33.30659	51.06269	33.03596
12965	68	171204	1	79.56752	58.87287	83.37129	85.41629	81.66881	59.30457	71.75287	59.19043	44.02737	36.25984	54.34893	35.42498
12965	70	171204	1	84.4437	63.49246	86.4642	88.58507	84.65027	64.27265	77.44968	63.74154	46.14783	39.36605	58.49261	37.32852
12965	72	171204	1	89.45158	68.32149	89.0921	92.88072	89.23993	67.9888	82.34355	67.23029	50.08131	43.20195	61.12858	40.77996
12965	0	171207	2	8.398057	12.07242	10.63805	9.895868	9.051586	11.66694	11.62073	9.136929	8.158364	10.46944	9.791009	9.58112
12965	2	171207	2	10.18222	12.97517	12.45911	10.90745	10.4474	13.48133	12.87843	10.73974	9.533496	11.68988	11.33237	10.72499
12965	4	171207	2	11.66394	14.21101	13.9535	11.96856	11.06833	14.16169	13.36555	11.47508	10.71103	12.05138	12.93052	11.84868
12965	6	171207	2	12.32396	15.68775	15.15569	13.11443	12.80017	15.33857	14.42839	12.36603	11.39565	12.99811	13.30598	11.99768
12965	8	171207	2	13.12458	16.60308	16.25511	14.62668	13.2816	16.79042	16.05085	13.07275	11.94183	14.10816	14.55394	12.52438
12965	10	171207	2	14.06709	18.29893	17.16715	15.48297	14.6101	18.21531	17.29325	13.76015	12.83651	14.783	15.50988	13.11584
12965	12	171207	2	15.26984	18.89848	19.00278	16.99429	15.79938	18.65274	18.78332	14.74335	13.98707	15.2696	16.15281	13.63326
12965	14	171207	2	16.6916	21.31496	20.76194	18.22374	16.40642	20.19593	20.60704	16.30792	15.07705	16.5081	16.89903	13.89568
12965	16	171207	2	18.14855	22.57764	22.70964	19.36357	18.20233	23.05682	22.14526	17.62605	15.7263	17.31138	18.89419	16.19598
12965	18	171207	2	18.64697	24.94417	24.16825	20.22439	19.13241	23.09671	24.37531	19.01397	17.56845	18.95889	19.35496	17.37268
12965	20	171207	2	20.79741	26.55676	26.19843	22.20135	20.70786	25.69711	27.72677	20.51164	18.87778	19.79032	20.39314	18.28273
12965	22	171207	2	21.65215	29.13326	27.9733	23.99774	22.52521	27.47205	29.63137	22.58251	20.87937	22.42698	22.37811	20.50497
12965	24	171207	2	23.78505	31.18993	30.09591	25.2858	24.35538	31.24202	33.0159	25.18985	22.13973	22.72585	24.64677	21.35372
12965	26	171207	2	26.07999	34.33183	34.05058	27.55985	26.2655	34.06412	37.0566	27.65121	24.4613	24.86954	27.12366	23.46675
12965	28	171207	2	28.25843	37.51678	36.98503	29.49529	28.71763	35.8689	39.47357	31.10236	27.04914	26.81928	29.15647	25.71529
12965	30	171207	2	32.49509	40.99465	39.75795	32.68969	31.40847	39.84278	42.93539	33.39349	29.98242	29.77699	30.84182	29.40276
12965	32	171207	2	34.54382	44.6187	43.06248	35.99997	34.37541	43.26142	47.18079	36.83076	32.72113	33.71265	33.65553	31.03859
12965	34	171207	2	36.67408	48.15283	48.17233	38.91287	36.12659	45.63393	50.98009	41.25867	35.57122	37.19962	37.607	34.70844
12965	36	171207	2	41.60056	52.66676	52.72136	43.51252	40.13681	50.79176	56.60726	44.65939	38.85982	38.71503	40.10606	37.81221
12965	38	171207	2	45.11128	57.68962	57.81868	46.77459	44.48279	54.91196	62.86493	48.18298	43.4119	42.81505	43.25227	40.30393
12965	40	171207	2	48.75755	62.69973	62.22639	51.20819	46.58304	59.65918	67.95683	54.83526	46.07516	45.58379	46.92126	43.33083
12965	42	171207	2	55.47657	69.28559	67.38869	55.52277	51.30063	63.86186	74.13327	59.48186	50.29448	49.32914	49.9855	47.35006
12965	44	171207	2	60.40092	74.25682	72.53651	59.46112	56.17749	67.43891	79.55177	64.62506	54.79155	53.12755	53.49004	50.16161
12965	46	171207	2	63.46473	80.16707	78.52177	65.90432	59.56373	72.79582	82.37918	70.86328	59.32572	58.12445	58.2665	54.97559
12965	48	171207	2	70.43947	84.72951	83.40887	68.68919	65.54446	77.8257	87.08835	76.06129	63.62654	61.62693	63.75486	58.09128
12965	50	171207	2	73.56088	89.75909	87.96088	74.79889	69.42053	80.06921	90.81154	82.05446	68.56349	67.35682	68.35822	62.60463
12965	52	171207	2	79.31332	92.69141	92.14678	81.19834	75.38914	83.78284	94.64397	86.80168	72.95003	70.99901	73.15912	66.94243
12965	54	171207	2	84.13303	95.03499	94.57848	84.71628	79.78275	85.82117	96.84471	91.34868	75.46831	75.31369	76.8248	71.24327
12965	56	171207	2	86.86842	97.85556	96.58702	88.11581	84.06147	88.82932	98.67259	94.54123	80.46115	79.02127	78.77432	73.98434
12965	58	171207	2	89.25377	99.05629	98.42813	91.87563	88.89716	91.15482	99.34564	96.92796	82.8092	82.69439	82.48582	78.21297
12965	60	171207	2	91.37753	99.45104	99.11024	94.17119	93.2724	93.87643	99.7507	98.94432	86.2487	85.34438	86.16622	81.65471
12965	62	171207	2	94.9952	99.79507	99.79684	95.51344	96.47798	96.0984	99.76979	99.49066	90.22516	88.5749	88.90665	84.70995
12965	64	171207	2	97.04061	99.68863	99.90601	97.56737	98.36995	98.45969	99.9477	99.88239	92.98871	91.5473	91.80231	87.99728
12965	66	171207	2	98.38318	99.89075	99.96981	98.59996	98.55584	99.5284	100	99.94812	95.08385	93.43349	94.03004	90.54852
12965	68	171207	2	99.40296	99.90585	100	99.25179	98.76248	99.47566	99.98158	99.95537	97.17868	95.07259	95.7479	92.4
12965	70	171207	2	99.77719	99.92339	99.99184	99.52457	99.05186	99.53728	99.98344	99.97883	98.83126	96.8241	97.16294	94.43756
12965	0	171214	3	12.74249	13.33464	12.14795	12.05004	12.51892	10.79261	12.84138	12.06226	12.66147	12.97707	9.41831	10.77082
12965	2	171214	3	14.80507	15.36669	15.0414	13.26533	14.08184	11.56412	14.2555	13.39675	14.97471	14.19806	10.93494	12.32316
12965	4	171214	3	16.40503	17.33259	17.57474	15.35975	15.53472	13.05634	16.57552	15.71452	16.32336	15.20222	11.9935	13.44935
12965	6	171214	3	17.69386	18.30673	18.53834	17.13935	17.29291	15.24042	17.38195	16.73031	17.52461	16.1718	12.71953	13.42058
12965	8	171214	3	18.24429	20.00708	19.90104	18.79396	18.3689	15.81036	19.53221	17.77378	18.02598	17.95676	13.06411	14.27601
12965	10	171214	3	19.15871	21.12836	20.85843	19.99623	20.70485	16.89731	21.19114	18.65256	20.00908	18.7579	14.01124	16.40086
12965	12	171214	3	21.65278	23.47417	22.10491	22.05159	22.50777	18.97639	22.97704	19.83038	21.82796	20.84966	15.21372	17.45675
12965	14	171214	3	22.82358	25.36099	24.19049	23.6238	24.85791	21.21704	25.5707	21.30405	23.19162	22.13972	16.40113	18.32176
12965	16	171214	3	25.11186	27.41267	26.38825	25.90754	25.88887	22.35207	26.57203	23.13363	24.73243	23.25586	17.09476	19.73409
12965	18	171214	3	26.5714	29.5526	28.99749	28.66416	29.54177	25.36237	29.49836	25.5575	26.97174	25.39387	18.77224	20.25513
12965	20	171214	3	29.37065	31.30418	30.94185	31.22754	31.53497	27.27256	31.16566	27.29761	28.91672	27.416	19.96452	22.47078
12965	22	171214	3	32.29324	34.24818	33.91657	33.60528	34.52341	30.60635	35.06008	29.90633	31.11655	29.17222	22.18118	23.87482
12965	24	171214	3	34.27359	37.3054	36.71827	36.60946	37.07034	33.44129	36.75401	32.64312	34.06043	32.33434	23.78644	26.31421
12965	26	171214	3	37.33221	41.22964	38.73594	39.1562	40.3221	36.16137	41.23286	34.37423	37.26569	35.36098	26.33002	28.9586
12965	28	171214	3	40.70833	44.10935	42.0586	42.23329	42.71811	38.85405	46.1134	37.08555	39.88959	37.75129	28.3767	30.65152
12965	30	171214	3	43.75233	47.42108	45.9258	45.77147	47.25485	42.65508	49.98904	41.55458	43.9161	41.56963	31.39296	34.2308
12965	32	171214	3	48.23213	50.30732	50.46841	48.83226	51.12376	45.60352	54.12352	43.62171	47.31491	46.2833	34.30234	36.45207
12965	34	171214	3	51.83755	55.2193	53.22789	51.52101	55.2431	50.49506	60.42232	47.53523	51.57891	48.57045	36.79234	38.93629
12965	36	171214	3	56.72287	61.47399	58.10943	57.09871	59.18047	55.86681	66.37321	53.57409	57.46401	53.41349	40.95317	43.66435
12965	38	171214	3	61.17306	65.99646	62.99158	60.50664	63.69993	59.96515	71.27612	59.76131	62.71857	57.03284	43.39073	46.11534
12965	40	171214	3	65.70139	70.38263	67.15477	64.29825	68.46213	65.18633	76.43626	63.14507	67.81558	60.98771	47.12962	49.51396
12965	42	171214	3	71.43473	76.68874	72.84827	69.61127	72.95563	71.17641	83.24826	69.30718	73.77371	65.68401	50.51394	53.24583
12965	44	171214	3	74.95358	82.19534	77.47012	73.56059	77.7718	77.06607	87.82155	74.59816	79.93152	70.75714	54.82256	57.84572
12965	46	171214	3	81.36577	87.01449	83.15996	80.01927	82.56815	82.40735	91.18254	79.37003	85.46232	73.97412	58.70026	61.86899
12965	48	171214	3	86.93623	91.14299	88.23598	82.91595	86.89856	87.25008	94.82248	84.69649	89.44991	79.138	63.31123	67.6518
12965	50	171214	3	91.41972	94.4996	92.65371	87.86703	90.39764	91.31932	97.134	87.85039	92.91888	83.0329	66.66986	72.56584
12965	52	171214	3	94.80317	96.62773	94.6776	92.20995	94.08083	95.0125	98.73016	91.22906	95.89551	86.55688	69.55429	76.38319
12965	54	171214	3	96.95854	98.00137	96.17722	95.23803	95.57135	97.10306	99.43733	93.34849	97.77284	89.11433	73.74353	80.85825
12965	56	171214	3	98.75752	99.15747	97.75237	96.87454	97.90845	98.45386	99.71008	95.38806	98.91895	91.67618	77.33322	84.49022
12965	58	171214	3	99.4401	99.5225	98.81396	98.4924	98.98614	99.09236	99.81936	97.49664	99.7556	93.51778	82.19853	88.65935
12965	60	171214	3	99.78186	99.72552	99.36584	99.19591	99.28091	99.17242	99.85645	98.71956	99.76189	94.87057	84.82684	91.71021
12965	62	171214	3	99.93948	99.898	99.50023	99.35693	99.26862	99.47711	99.93178	99.43429	99.91893	95.72136	87.83972	94.00761
12965	64	171214	3	99.95547	99.91486	99.72041	99.46048	99.60864	99.77936	99.8692	99.59145	99.96379	96.92794	90.40938	96.36214
12965	66	171214	3	99.97796	99.98138	99.82644	99.57556	99.71558	99.86633	99.92636	99.8196	99.9903	97.45993	92.34697	97.43661
12965	68	171214	3	99.98912	99.95406	99.91928	99.56039	99.70646	99.91047	99.9007	99.87741	99.98	97.84737	94.05296	98.36113
12965	70	171214	3	100	99.95206	99.9397	99.72455	99.78575	99.93005	99.92446	99.96663	99.95938	98.39284	94.86909	99.02727
12965	72	171214	3	99.98746	99.97547	99.97745	99.71353	99.92249	99.97285	99.90115	99.98473	99.9896	98.61267	96.01921	99.41937
12969	0	180116	1	10.67809	12.28085	10.81755	9.430845	8.96127	9.796226	10.76916	9.139242	12.05377	9.218268	9.601397	8.757496
12969	2	180116	1	13.15619	14.23847	12.82524	11.15633	10.9326	11.84965	12.72177	10.22257	13.60981	10.55823	11.03728	10.08942
12969	4	180116	1	13.54592	15.78228	13.79711	11.67122	11.48932	13.13557	13.61396	11.12521	14.332	12.01612	11.87272	10.55337
12969	6	180116	1	14.69307	16.61561	15.13532	12.49043	12.4024	13.5723	14.25173	12.14388	16.73279	12.25878	11.67347	11.75643
12969	8	180116	1	15.51461	17.50901	15.60689	12.37704	12.64392	14.33231	15.06393	12.4454	16.99504	12.60713	12.61159	11.45371
12969	10	180116	1	15.66661	18.26125	16.8198	13.04014	13.31206	15.52411	16.33468	12.9444	18.41663	13.4711	12.71807	12.04233
12969	12	180116	1	16.03334	19.95734	16.89479	13.10634	13.5951	15.96078	16.21162	12.56413	19.24071	12.86047	13.09464	12.38678
12969	14	180116	1	17.40384	20.6541	17.6379	14.22707	14.074	16.46465	18.13104	13.40725	20.21198	13.36383	13.46019	12.99676
12969	16	180116	1	18.89039	21.97449	18.62587	14.24161	15.21931	16.94286	18.88745	14.48061	21.07219	14.14519	14.73164	12.52701
12969	18	180116	1	19.89365	23.13345	19.84247	15.5218	15.90855	18.31751	20.28037	15.36216	22.7028	14.93938	16.13758	14.03076
12969	20	180116	1	20.47161	24.52679	21.53853	16.32697	16.2539	19.61814	21.24869	15.68944	24.00481	15.50556	16.33952	14.11652
12969	22	180116	1	22.0854	26.72008	22.49539	17.20186	17.49353	20.93552	23.38369	17.07877	25.71541	17.35839	17.45575	15.12654
12969	24	180116	1	22.76839	28.00324	23.76301	18.28294	18.77334	22.29553	23.73539	18.28324	27.41182	18.13218	18.10351	15.43549
12969	26	180116	1	25.33597	29.80613	25.84102	19.79273	20.16837	23.99625	25.99224	19.51256	29.15284	20.51662	19.48234	16.7501
12969	28	180116	1	26.96399	32.1313	26.76669	20.58368	20.50183	25.11953	28.03002	20.81074	30.98961	21.37522	20.97235	17.28842
12969	30	180116	1	28.50514	35.27076	29.07987	22.18866	22.16235	27.86454	30.24425	22.75325	33.44484	22.99733	22.71568	18.93591
12969	32	180116	1	29.74044	37.66236	29.96028	23.1986	23.71028	29.72566	31.51794	22.84789	35.47274	24.96162	23.28995	19.93075
12969	34	180116	1	32.73546	40.47261	33.18931	25.29851	25.79996	31.77054	34.32595	24.8215	39.24232	27.2115	25.29633	21.30951
12969	36	180116	1	34.87738	42.71652	35.42751	26.46527	26.64145	33.07509	36.24917	26.50962	40.79802	28.61602	27.28116	22.47644
12969	38	180116	1	37.74079	46.2535	38.61092	28.16982	29.06312	36.33895	38.76505	27.78037	44.12746	31.3852	29.33914	24.56015
12969	40	180116	1	40.26094	49.26124	39.78334	30.38153	30.1349	38.91133	40.89523	29.60121	47.36785	32.99353	31.36597	25.86662
12969	42	180116	1	43.40319	52.30507	42.04923	32.7185	33.36334	41.71298	45.37636	32.00965	50.58261	36.29323	33.95404	28.5122
12969	44	180116	1	46.92408	55.27553	44.70839	33.83371	34.73381	44.04206	47.43835	33.53526	53.68569	38.15877	35.8526	29.09645
12969	46	180116	1	48.02431	59.195	47.02773	36.95539	37.45506	46.29759	51.39736	36.60843	57.1243	41.04363	37.75046	31.82406
12969	48	180116	1	53.28568	61.45187	50.1133	39.32204	40.19686	49.56107	55.07452	38.80798	60.37946	43.77006	40.20453	32.84471
12969	50	180116	1	56.87969	65.44986	53.81206	42.47291	43.03423	52.33873	58.34635	41.23193	64.07056	47.13686	43.19182	35.36443
12969	52	180116	1	59.98543	68.93135	56.02988	44.23343	45.46146	55.03902	60.33159	43.67211	65.52045	50.01724	46.11226	37.45685
12969	54	180116	1	63.4123	73.1648	58.69646	48.12051	48.00878	58.04557	64.70026	47.0656	69.85027	54.03439	50.06656	39.14565
12969	56	180116	1	66.04394	75.81695	61.42584	50.55468	50.48322	61.79675	68.10562	49.39552	72.32452	56.5204	52.53345	40.91672
12969	58	180116	1	70.48308	79.40314	64.84683	52.04393	54.12212	64.33783	71.69193	52.42209	75.04444	60.73437	56.40172	43.56214
12969	60	180116	1	73.12669	82.4119	67.16809	53.78235	57.90076	66.76672	74.8627	55.33593	77.50886	63.99228	59.68195	44.96363
12969	62	180116	1	76.79372	84.90912	70.9074	57.64589	61.11205	70.97393	78.54659	58.02738	80.08856	67.58397	63.23756	47.58903
12969	64	180116	1	79.94426	87.34815	73.75357	60.06216	63.17284	74.04608	80.52272	61.70412	82.68792	70.59122	66.65584	49.65391
12969	66	180116	1	83.2336	89.66246	76.64924	63.71887	66.37949	77.29483	83.3572	64.14793	85.63028	73.90391	70.22115	52.70512
12969	68	180116	1	85.64597	91.5828	79.55522	65.85789	71.1208	79.84676	86.44957	67.63364	88.09944	76.55208	73.30106	55.84245
12969	70	180116	1	89.28605	93.86295	82.49883	68.12727	73.57626	81.44297	89.84956	70.15968	90.26087	78.92615	76.75989	59.25985
12969	72	180116	1	91.13776	95.45943	84.51672	70.55347	75.48755	82.48243	91.22375	72.55688	91.05304	81.38747	80.24265	62.1674
12969	0	180310	2	17.86821	20.25606	21.90359	17.42263	18.28314	20.10212	16.09949	18.27697	15.86832	23.3087	23.0736	20.1092
12969	2	180310	2	20.17144	23.04545	24.95575	19.24513	20.17811	21.91616	18.76378	19.87051	17.91698	25.76077	25.87425	21.85938
12969	4	180310	2	21.25881	23.87609	25.64824	20.4369	21.7012	23.22733	20.41676	20.93722	18.75317	27.36571	26.72793	22.41278
12969	6	180310	2	22.66539	25.51785	27.66167	22.08443	23.18654	24.21032	21.70524	22.2124	19.83006	29.20755	27.54863	23.03716
12969	8	180310	2	23.98044	27.38937	30.27965	23.80017	23.88762	25.54345	22.75834	23.85958	21.71915	29.92628	29.63655	24.8454
12969	10	180310	2	25.5822	29.22904	32.32748	25.08658	26.2426	27.58165	24.24164	26.27666	23.51741	33.09688	30.53499	26.05855
12969	12	180310	2	27.09988	31.6374	34.67899	26.76126	27.96539	29.4984	26.31264	27.96053	25.12665	34.27332	33.04588	27.44528
12969	14	180310	2	29.49091	34.38545	38.00307	28.96302	30.02748	30.68712	27.51744	30.49527	26.82077	36.2817	35.64237	29.71599
12969	16	180310	2	32.25159	37.31221	39.54375	31.04018	32.29345	34.15161	29.43713	32.44446	28.19258	39.48089	37.68357	30.34932
12969	18	180310	2	34.8281	40.3654	41.97484	33.73186	34.96553	36.22726	30.38326	34.00927	30.33274	41.35468	39.84648	32.24016
12969	20	180310	2	37.67436	43.6975	45.68893	36.72517	37.56762	38.21096	33.11644	36.42138	33.31295	43.5849	43.0216	35.12745
12969	22	180310	2	40.61789	46.62627	48.94786	39.39258	40.70609	41.34025	36.11102	39.39057	36.0713	47.15078	46.15798	36.81886
12969	24	180310	2	43.18489	50.37671	52.61614	42.56772	42.90901	44.46186	38.64438	42.29867	37.63186	50.7916	49.42795	40.01929
12969	26	180310	2	46.81232	53.63488	58.3458	45.60071	46.76018	47.7994	41.74037	45.04858	39.90868	54.50706	53.40712	43.79671
12969	28	180310	2	50.03247	57.79711	61.84364	49.64328	50.96889	50.22782	45.95196	48.34342	43.29885	57.11642	57.02297	46.70797
12969	30	180310	2	53.71156	61.94884	65.89003	53.02454	54.58128	53.49763	48.83103	51.46286	46.51557	62.32316	60.63903	50.84347
12969	32	180310	2	57.65107	65.81698	69.96988	56.85469	58.62446	56.64431	52.60667	54.96581	49.45029	66.4328	64.56129	53.51135
12969	34	180310	2	62.09026	69.45921	75.0141	61.63229	63.50554	61.08492	58.55959	57.57854	53.44482	70.87613	68.75713	56.63463
12969	36	180310	2	66.98924	74.19211	78.16008	66.01527	66.91998	65.39713	63.11068	61.67073	56.95924	74.74644	71.88289	59.44644
12969	38	180310	2	70.57946	77.62918	82.41936	70.37384	70.8131	68.6702	65.94947	65.86321	60.62225	78.42682	74.86156	63.79303
12969	40	180310	2	75.24274	81.63988	85.59563	74.77444	73.81124	71.75112	69.21898	69.14247	64.55519	82.09932	77.83296	67.33774
12969	42	180310	2	78.22806	84.28792	88.90593	77.85551	77.22228	75.71455	73.65953	72.44509	68.0376	86.04626	81.38319	69.75552
12969	44	180310	2	81.04393	87.16539	91.58505	81.25965	79.98979	79.29086	78.73802	76.31024	71.32261	88.55035	84.26444	73.70066
12969	46	180310	2	84.15495	89.31963	93.48743	84.11604	83.90778	82.53928	81.09334	79.21184	74.42484	91.27007	86.8567	77.22623
12969	48	180310	2	86.94879	91.23059	95.50633	86.5769	85.84279	85.77283	84.15779	82.22536	77.37591	93.45667	88.70749	80.68327
12969	50	180310	2	90.1422	92.70166	97.15883	89.61142	89.44438	88.11635	86.93005	85.80504	80.51079	95.38548	90.78968	83.98506
12969	52	180310	2	92.60884	94.40594	98.57198	91.57839	92.47919	90.88556	89.03049	88.31786	83.51489	96.55237	92.70657	87.12796
12969	54	180310	2	94.83025	95.98016	99.37914	93.68818	94.54858	92.99893	91.50554	90.92351	85.7917	97.46663	94.45589	88.69812
12969	56	180310	2	96.69518	96.88027	99.87649	95.25436	95.85423	94.94456	93.54236	92.16042	87.88917	98.22356	95.90282	91.03645
12969	58	180310	2	97.99758	98.10475	99.96196	96.51152	97.18362	97.12288	95.00442	93.87158	91.02208	98.91425	96.63949	92.86682
12969	60	180310	2	98.81884	98.72755	99.94228	97.54601	98.05002	97.64349	96.00854	94.92304	92.4646	99.34352	97.12578	94.91296
12969	62	180310	2	99.44493	99.34882	99.94701	98.10141	98.6327	98.10569	96.80174	95.85951	93.93562	99.72102	97.70521	95.71141
12969	64	180310	2	99.86775	99.7327	99.98479	98.82771	99.32143	98.4912	97.98532	96.81498	95.43501	99.69785	98.25341	96.9842
12969	66	180310	2	99.83508	99.92152	99.98915	99.2978	99.68853	98.86365	98.51772	97.42719	96.53558	99.68245	98.6815	97.64194
12969	68	180310	2	99.82378	99.95558	99.97672	99.60574	99.77118	99.06677	99.1535	98.0273	97.59625	99.83583	98.93463	98.28325
12969	70	180310	2	99.8656	99.97174	99.99071	99.62357	99.86177	99.23325	99.3656	98.44368	98.48093	99.84589	99.23502	98.47665
12969	72	180310	2	99.8569	99.96524	99.99071	99.77156	99.7533	99.43256	99.51305	98.84317	99.04562	99.89282	99.48852	98.63757
12969	0	180319	3	8.042868	7.173721	8.959436	9.382357	8.909013	8.197771	9.059046	12.26777	13.20592	10.64137	9.487627	9.874801
12969	2	180319	3	8.636925	7.669305	9.416029	9.54296	9.242477	8.781981	9.305199	12.44426	13.93084	10.51672	9.691094	10.42257
12969	4	180319	3	9.114652	7.823415	10.24463	9.988426	9.304127	9.422833	10.38969	13.45263	14.61735	11.40186	9.707151	10.8487
12969	6	180319	3	9.78666	8.243913	10.64614	10.56021	9.857185	9.342776	10.63495	13.9795	15.98157	12.28206	10.23617	11.59082
12969	8	180319	3	10.28508	8.742436	11.34304	10.91464	10.42254	9.502996	11.51687	14.80168	16.92352	12.96367	10.83154	11.91596
12969	10	180319	3	10.85133	9.517607	11.62211	11.64321	10.78657	10.02251	12.41189	15.67073	18.38227	13.89433	11.44355	12.07331
12969	12	180319	3	11.42414	9.670506	11.75045	12.33152	11.22161	10.3688	12.95504	16.59938	19.32778	14.14072	11.8904	13.1097
12969	14	180319	3	12.10174	10.6699	13.28353	12.97842	12.01077	10.6469	13.68331	17.21516	20.96758	14.97181	12.71313	13.90314
12969	16	180319	3	12.68667	10.79351	13.69564	13.19635	12.00393	11.07655	13.97411	18.43287	22.22787	15.57381	13.4489	14.46465
12969	18	180319	3	13.58256	11.21947	14.17475	14.00226	11.93382	11.25632	14.20072	18.76464	22.86862	15.88697	14.30544	14.42829
12969	20	180319	3	13.6975	12.03104	15.28345	14.44532	12.40792	12.03785	15.35384	20.30819	24.12611	16.92853	14.63165	16.29444
12969	22	180319	3	14.43813	12.56314	16.45619	14.98829	13.37187	12.84583	16.15222	21.70646	26.56088	17.55878	15.10713	16.90964
12969	24	180319	3	15.14737	13.75711	17.59894	15.57128	14.19926	13.42075	16.93302	23.33817	28.21279	18.92628	16.36038	18.10648
12969	26	180319	3	15.89125	14.87714	18.33361	16.59365	14.82102	14.16418	18.13398	24.96083	30.10993	19.94422	17.12288	19.73228
12969	28	180319	3	16.44555	16.06187	20.04254	17.60578	16.40386	15.1549	19.09244	25.84559	32.75568	21.20323	18.74585	21.49038
12969	30	180319	3	18.02974	17.56734	21.46274	19.12056	17.72915	16.19805	20.89664	27.48031	35.36265	23.07588	19.52907	23.18477
12969	32	180319	3	18.42641	18.71625	23.75811	20.18191	18.38385	17.17123	21.75594	30.11973	38.09389	23.92447	21.50643	24.56382
12969	34	180319	3	20.34002	20.11062	25.26238	21.27783	19.54012	18.53127	23.46723	31.8076	40.28587	25.85021	22.74566	26.7283
12969	36	180319	3	21.60498	20.42796	26.89865	22.98594	20.73479	19.76131	25.0154	33.82911	42.80262	27.44276	24.71603	28.38151
12969	38	180319	3	22.78372	22.20918	28.76184	23.95004	21.94255	21.64304	26.88207	35.94443	45.17508	30.46404	26.60901	29.74344
12969	40	180319	3	24.64528	24.23726	30.90295	25.71852	24.55659	23.11518	29.25646	38.43998	49.01855	32.69033	27.88012	32.37669
12969	42	180319	3	25.59806	25.88283	32.32444	27.05172	26.49518	25.27596	31.2467	41.05189	51.9579	34.50786	29.80746	34.69245
12969	44	180319	3	27.52769	27.77218	34.41471	29.02463	28.54093	25.99684	33.22109	44.17725	55.07927	36.68765	31.99653	36.42893
12969	46	180319	3	28.99783	29.25352	37.08847	30.54002	29.85756	27.76435	35.52988	47.75098	58.00038	38.25672	34.42479	39.12076
12969	48	180319	3	31.03621	31.32131	39.44428	31.74995	32.51826	29.68014	37.90868	49.39101	61.10764	41.47312	36.45321	40.4811
12969	50	180319	3	32.93776	33.22604	41.89167	33.37105	35.05308	31.50766	39.77829	52.78967	64.1656	43.07567	38.20035	42.742
12969	52	180319	3	35.04351	35.10102	45.06845	35.49745	37.01122	33.93097	43.2984	55.81421	67.51912	45.59697	40.57699	45.788
12969	54	180319	3	36.87778	36.32538	47.69688	38.36189	39.39727	35.22763	44.60442	60.15832	70.95567	47.45388	42.82509	47.68024
12969	56	180319	3	39.39892	39.1001	50.93555	40.0899	41.4546	37.89414	47.7411	61.43502	73.67679	49.05879	45.83672	49.78644
12969	58	180319	3	41.49022	41.33613	53.57101	42.31069	44.84707	40.14469	50.49452	65.45609	76.70073	51.43127	48.28703	52.85009
12969	60	180319	3	43.47466	42.85988	56.25837	43.95383	46.67273	42.86229	53.89724	68.39145	78.59136	53.43127	50.85567	55.19711
12969	62	180319	3	45.25151	45.56647	57.99958	46.08521	49.28266	45.32067	55.33904	71.87737	81.23029	56.37515	53.1095	58.5908
12969	64	180319	3	47.58627	47.76967	61.67509	48.95287	51.85542	47.43533	58.15548	75.19615	84.00481	59.192	56.55442	61.72048
12969	66	180319	3	50.92578	50.21042	64.51164	51.60405	55.19529	50.57523	62.06405	78.29112	86.84808	61.10186	58.99118	65.05293
12969	68	180319	3	53.3031	53.10227	66.7327	53.40068	56.72372	52.78798	64.95116	80.57351	89.18849	64.09007	61.54792	67.2584
12969	70	180319	3	56.31712	56.11543	69.69125	57.01862	59.11835	56.4095	67.62736	82.59193	91.47223	66.09517	63.44472	70.61367
12969	72	180319	3	59.19041	58.76897	72.05227	58.88783	61.60752	59.27306	72.29513	84.75995	93.79762	69.21101	66.81078	73.83106
